-40.00;45.00;20.00;45.00
-39.99;45.00;19.99;45.00
-39.97;45.00;19.97;45.00
-39.94;45.00;19.94;45.00
-39.90;45.00;19.90;45.00
-39.85;45.00;19.85;45.00
-39.79;45.00;19.79;45.00
-39.72;45.00;19.72;45.00
-39.64;44.99;19.64;44.99
-39.55;44.99;19.55;44.99
-39.45;44.99;19.45;44.99
-39.34;44.98;19.34;44.98
-39.22;44.97;19.22;44.97
-39.09;44.96;19.09;44.96
-38.95;44.95;18.95;44.95
-38.80;44.94;18.80;44.94
-38.64;44.92;18.64;44.92
-38.47;44.89;18.47;44.89
-38.29;44.87;18.29;44.87
-38.10;44.84;18.10;44.84
-37.90;44.80;17.90;44.80
-37.69;44.75;17.69;44.75
-37.47;44.70;17.47;44.70
-37.24;44.65;17.24;44.65
-37.00;44.58;17.00;44.58
-36.75;44.51;16.75;44.51
-36.49;44.43;16.49;44.43
-36.22;44.33;16.22;44.33
-35.94;44.23;15.94;44.23
-35.65;44.11;15.65;44.11
-35.35;43.99;15.35;43.99
-35.04;43.84;15.04;43.84
-34.72;43.69;14.72;43.69
-34.39;43.52;14.39;43.52
-34.05;43.33;14.05;43.33
-33.70;43.13;13.70;43.13
-33.34;42.90;13.34;42.90
-32.97;42.66;12.97;42.66
-32.59;42.40;12.59;42.40
-32.20;42.12;12.20;42.12
-31.80;41.81;11.80;41.81
-31.39;41.48;11.39;41.48
-30.97;41.13;10.97;41.13
-30.54;40.75;10.54;40.75
-30.10;40.34;10.10;40.34
-29.65;39.90;9.65;39.90
-29.19;39.43;9.19;39.43
-28.72;38.93;8.72;38.93
-28.24;38.40;8.24;38.40
-27.75;37.84;7.75;37.84
-27.25;37.24;7.25;37.24
-26.74;36.60;6.74;36.60
-26.22;35.92;6.22;35.92
-25.69;35.21;5.69;35.21
-25.15;34.45;5.15;34.45
-24.60;33.65;4.60;33.65
-24.04;32.80;4.04;32.80
-23.47;31.91;3.47;31.91
-22.89;30.97;2.89;30.97
-22.30;29.98;2.30;29.98
-21.70;28.94;1.70;28.94
-21.09;27.84;1.09;27.84
-20.47;26.69;0.47;26.69
-19.84;25.48;-0.16;25.48
-19.20;24.22;-0.80;24.22
-18.55;22.89;-1.45;22.89
-17.89;21.50;-2.11;21.50
-17.22;20.05;-2.78;20.05
-16.54;18.53;-3.46;18.53
-15.85;16.94;-4.15;16.94
-15.15;15.28;-4.85;15.28
-14.44;13.55;-5.56;13.55
-13.72;11.75;-6.28;11.75
-12.99;9.87;-7.01;9.87
-12.25;7.90;-7.75;7.90
-11.50;5.86;-8.50;5.86
-10.74;3.74;-9.26;3.74
-9.97;1.53;-10.03;1.53
-12.37;1.90;-12.43;1.89
-14.79;2.27;-14.85;2.26
-17.23;2.64;-17.29;2.63
-19.70;3.02;-19.76;3.01
-22.18;3.40;-22.25;3.39
-24.69;3.78;-24.75;3.77
-27.22;4.17;-27.28;4.16
-29.77;4.56;-29.83;4.54
-32.34;4.96;-32.40;4.94
-34.93;5.35;-34.99;5.33
-37.54;5.75;-37.60;5.73
-40.16;6.15;-40.23;6.13
-42.81;6.56;-42.88;6.53
-45.48;6.97;-45.54;6.94
-48.16;7.38;-48.22;7.35
-50.86;7.79;-50.93;7.76
-53.58;8.21;-53.65;8.17
-56.32;8.63;-56.38;8.59
-59.07;9.05;-59.14;9.01
-61.84;9.48;-61.90;9.43
-64.62;9.90;-64.69;9.85
-67.42;10.33;-67.49;10.28
-70.24;10.76;-70.31;10.71
-73.07;11.20;-73.14;11.14
-75.92;11.63;-75.99;11.57
-78.78;12.07;-78.85;12.01
-81.65;12.51;-81.72;12.45
-84.54;12.95;-84.61;12.89
-87.44;13.40;-87.51;13.33
-90.36;13.85;-90.42;13.77
-93.28;14.29;-93.35;14.22
-96.22;14.74;-96.29;14.67
-99.17;15.20;-99.24;15.12
-102.13;15.65;-102.20;15.57
-105.10;16.11;-105.17;16.02
-108.08;16.56;-108.15;16.47
-111.07;17.02;-111.15;16.93
-114.08;17.48;-114.15;17.39
-117.09;17.94;-117.16;17.85
-120.11;18.40;-120.18;18.31
-123.13;18.87;-123.21;18.77
-126.17;19.33;-126.24;19.23
-129.21;19.80;-129.29;19.69
-132.26;20.27;-132.34;20.16
-135.32;20.74;-135.40;20.62
-138.39;21.21;-138.46;21.09
-141.46;21.68;-141.53;21.56
-144.53;22.15;-144.61;22.03
-147.61;22.62;-147.69;22.50
-150.70;23.09;-150.78;22.97
-153.79;23.57;-153.87;23.44
-156.88;24.04;-156.96;23.91
-159.98;24.51;-160.06;24.38
-163.08;24.99;-163.16;24.85
-166.18;25.47;-166.26;25.32
-169.29;25.94;-169.37;25.80
-172.40;26.42;-172.48;26.27
-175.51;26.89;-175.59;26.75
-178.62;27.37;-178.70;27.22
-181.73;27.85;-181.81;27.69
-184.84;28.32;-184.92;28.17
-187.95;28.80;-188.03;28.64
-191.06;29.28;-191.14;29.11
-194.17;29.75;-194.25;29.59
-197.28;30.23;-197.36;30.06
-200.38;30.71;-200.46;30.53
-203.49;31.18;-203.57;31.01
-206.59;31.66;-206.67;31.48
-209.68;32.13;-209.77;31.95
-212.78;32.61;-212.86;32.42
-215.87;33.08;-215.95;32.89
-218.96;33.55;-219.04;33.36
-222.04;34.02;-222.12;33.83
-225.11;34.50;-225.20;34.30
-228.19;34.97;-228.27;34.77
-231.25;35.44;-231.34;35.24
-234.31;35.90;-234.40;35.70
-237.36;36.37;-237.45;36.17
-240.41;36.84;-240.50;36.63
-243.45;37.30;-243.53;37.09
-246.48;37.77;-246.56;37.56
-249.50;38.23;-249.59;38.02
-252.51;38.69;-252.60;38.48
-255.52;39.15;-255.61;38.93
-258.52;39.61;-258.60;39.39
-261.50;40.07;-261.59;39.85
-264.48;40.53;-264.57;40.30
-267.44;40.98;-267.53;40.75
-270.40;41.43;-270.49;41.20
-273.35;41.89;-273.44;41.65
-276.28;42.34;-276.37;42.10
-279.20;42.78;-279.29;42.54
-282.11;43.23;-282.20;42.98
-285.01;43.67;-285.10;43.43
-287.90;44.12;-287.99;43.87
-290.77;44.56;-290.86;44.30
-293.63;44.99;-293.72;44.74
-296.48;45.43;-296.57;45.17
-299.31;45.86;-299.40;45.60
-302.13;46.30;-302.22;46.03
-304.93;46.73;-305.03;46.46
-307.73;47.15;-307.82;46.89
-310.50;47.58;-310.60;47.31
-313.26;48.00;-313.36;47.73
-316.01;48.42;-316.11;48.15
-318.74;48.84;-318.84;48.57
-321.46;49.26;-321.56;48.98
-324.16;49.67;-324.26;49.39
-326.85;50.08;-326.94;49.80
-329.52;50.49;-329.61;50.21
-332.17;50.90;-332.27;50.61
-334.81;51.30;-334.91;51.01
-337.43;51.71;-337.53;51.41
-340.04;52.11;-340.13;51.81
-342.63;52.50;-342.72;52.20
-345.20;52.90;-345.30;52.60
-347.76;53.29;-347.85;52.98
-350.30;53.68;-350.40;53.37
-352.82;54.06;-352.92;53.76
-355.33;54.45;-355.43;54.14
-357.82;54.83;-357.92;54.52
-360.30;55.21;-360.40;54.90
-362.76;55.59;-362.86;55.27
-365.20;55.96;-365.30;55.64
-367.63;56.33;-367.73;56.01
-370.04;56.70;-370.14;56.38
-372.43;57.07;-372.53;56.74
-374.81;57.43;-374.91;57.11
-377.18;57.80;-377.28;57.47
-379.53;58.16;-379.62;57.82
-381.86;58.51;-381.96;58.18
-384.18;58.87;-384.28;58.53
-386.48;59.22;-386.58;58.88
-388.77;59.57;-388.87;59.23
-391.05;59.92;-391.15;59.58
-393.31;60.27;-393.41;59.92
-395.56;60.61;-395.66;60.27
-397.79;60.96;-397.89;60.61
-400.02;61.30;-400.12;60.95
-402.23;61.64;-402.33;61.28
-404.43;61.97;-404.53;61.62
-406.61;62.31;-406.71;61.95
-408.79;62.64;-408.89;62.28
-410.95;62.97;-411.05;62.61
-413.11;63.30;-413.21;62.94
-415.25;63.63;-415.35;63.27
-417.39;63.96;-417.49;63.59
-419.51;64.28;-419.61;63.92
-421.63;64.61;-421.73;64.24
-423.74;64.93;-423.84;64.56
-425.84;65.25;-425.95;64.88
-427.94;65.58;-428.04;65.20
-430.03;65.90;-430.13;65.52
-432.11;66.22;-432.22;65.83
-434.19;66.53;-434.29;66.15
-436.27;66.85;-436.37;66.47
-438.34;67.17;-438.44;66.78
-440.40;67.49;-440.50;67.10
-442.47;67.80;-442.57;67.41
-444.53;68.12;-444.63;67.73
-446.59;68.43;-446.69;68.04
-448.65;68.75;-448.75;68.35
-450.70;69.06;-450.80;68.67
-452.76;69.38;-452.86;68.98
-454.82;69.69;-454.92;69.29
-456.87;70.01;-456.98;69.61
-458.93;70.32;-459.04;69.92
-461.00;70.64;-461.10;70.23
-463.06;70.96;-463.16;70.55
-465.13;71.27;-465.23;70.86
-467.20;71.59;-467.30;71.18
-469.27;71.91;-469.37;71.49
-471.35;72.23;-471.45;71.81
-473.43;72.55;-473.53;72.13
-475.52;72.87;-475.62;72.45
-477.62;73.19;-477.72;72.77
-479.72;73.51;-479.82;73.09
-481.82;73.83;-481.92;73.41
-483.94;74.16;-484.04;73.73
-486.06;74.48;-486.16;74.05
-488.19;74.81;-488.29;74.38
-490.33;75.14;-490.43;74.70
-492.48;75.46;-492.58;75.03
-494.63;75.80;-494.73;75.36
-496.80;76.13;-496.90;75.69
-498.97;76.46;-499.07;76.02
-501.16;76.80;-501.26;76.35
-503.35;77.13;-503.46;76.69
-505.56;77.47;-505.66;77.02
-507.78;77.81;-507.88;77.36
-510.01;78.15;-510.11;77.70
-512.25;78.49;-512.35;78.04
-514.50;78.84;-514.60;78.38
-516.77;79.19;-516.87;78.73
-519.04;79.54;-519.14;79.08
-521.33;79.89;-521.44;79.42
-523.64;80.24;-523.74;79.78
-525.95;80.59;-526.05;80.13
-528.28;80.95;-528.38;80.48
-530.63;81.31;-530.73;80.84
-532.98;81.67;-533.09;81.20
-535.36;82.04;-535.46;81.56
-537.74;82.40;-537.84;81.92
-540.14;82.77;-540.24;82.29
-542.56;83.14;-542.66;82.66
-544.99;83.51;-545.09;83.03
-547.43;83.89;-547.54;83.40
-549.89;84.26;-550.00;83.77
-552.37;84.64;-552.47;84.15
-554.86;85.02;-554.96;84.53
-557.37;85.41;-557.47;84.91
-559.89;85.80;-559.99;85.30
-562.43;86.18;-562.53;85.68
-564.99;86.58;-565.09;86.07
-567.56;86.97;-567.66;86.47
-570.15;87.37;-570.25;86.86
-572.75;87.77;-572.85;87.26
-575.38;88.17;-575.48;87.66
-578.02;88.57;-578.12;88.06
-580.67;88.98;-580.77;88.46
-583.34;89.39;-583.44;88.87
-586.03;89.80;-586.14;89.28
-588.74;90.22;-588.84;89.69
-591.47;90.63;-591.57;90.11
-594.21;91.05;-594.31;90.52
-596.97;91.48;-597.07;90.95
-599.75;91.90;-599.85;91.37
-602.55;92.33;-602.65;91.79
-605.36;92.76;-605.46;92.22
-608.19;93.20;-608.30;92.65
-611.05;93.63;-611.15;93.09
-613.92;94.07;-614.02;93.53
-616.80;94.52;-616.90;93.97
-619.71;94.96;-619.81;94.41
-622.64;95.41;-622.74;94.85
-625.58;95.86;-625.68;95.30
-628.54;96.31;-628.64;95.75
-631.52;96.77;-631.62;96.21
-634.53;97.23;-634.63;96.67
-637.55;97.69;-637.65;97.13
-640.58;98.16;-640.68;97.59
-643.64;98.63;-643.74;98.05
-646.72;99.10;-646.82;98.52
-649.82;99.57;-649.92;98.99
-652.93;100.05;-653.03;99.47
-656.07;100.53;-656.17;99.95
-659.23;101.02;-659.33;100.43
-662.40;101.50;-662.50;100.91
-665.60;101.99;-665.70;101.40
-668.81;102.49;-668.91;101.89
-672.05;102.98;-672.15;102.38
-675.31;103.48;-675.41;102.88
-678.58;103.98;-678.68;103.38
-681.88;104.49;-681.98;103.88
-685.19;105.00;-685.29;104.38
-688.53;105.51;-688.63;104.89
-691.89;106.02;-691.99;105.40
-695.27;106.54;-695.37;105.92
-698.67;107.06;-698.77;106.44
-702.08;107.58;-702.18;106.96
-705.52;108.11;-705.62;107.48
-708.99;108.64;-709.09;108.01
-712.47;109.18;-712.57;108.54
-715.97;109.71;-716.07;109.07
-719.49;110.25;-719.59;109.61
-723.04;110.80;-723.14;110.15
-726.60;111.34;-726.70;110.69
-730.19;111.89;-730.29;111.24
-733.80;112.44;-733.90;111.79
-737.43;113.00;-737.53;112.34
-741.08;113.56;-741.18;112.90
-744.76;114.12;-744.85;113.46
-748.45;114.69;-748.55;114.02
-752.17;115.26;-752.27;114.58
-755.90;115.83;-756.00;115.15
-759.66;116.41;-759.76;115.73
-763.45;116.99;-763.54;116.30
-767.25;117.57;-767.35;116.88
-771.07;118.16;-771.17;117.46
-774.92;118.75;-775.02;118.05
-778.79;119.34;-778.89;118.64
-782.68;119.93;-782.78;119.23
-786.60;120.53;-786.70;119.83
-790.53;121.14;-790.63;120.43
-794.49;121.74;-794.59;121.03
-798.48;122.35;-798.57;121.64
-802.48;122.97;-802.58;122.25
-806.51;123.59;-806.60;122.86
-810.56;124.21;-810.65;123.48
-814.63;124.83;-814.73;124.10
-818.72;125.46;-818.82;124.72
-822.84;126.09;-822.94;125.35
-826.98;126.72;-827.08;125.98
-831.14;127.36;-831.24;126.61
-835.33;128.00;-835.43;127.25
-839.54;128.65;-839.64;127.89
-843.77;129.30;-843.87;128.54
-848.03;129.95;-848.13;129.19
-852.31;130.60;-852.41;129.84
-856.61;131.26;-856.71;130.49
-860.94;131.93;-861.04;131.15
-865.29;132.59;-865.39;131.81
-869.66;133.26;-869.76;132.48
-874.06;133.94;-874.16;133.15
-878.48;134.61;-878.58;133.82
-882.93;135.30;-883.02;134.50
-887.39;135.98;-887.49;135.18
-891.89;136.67;-891.98;135.87
-896.40;137.36;-896.50;136.55
-900.94;138.06;-901.04;137.25
-905.51;138.76;-905.61;137.94
-910.10;139.46;-910.20;138.64
-914.71;140.17;-914.81;139.34
-919.35;140.88;-919.45;140.05
-924.01;141.59;-924.11;140.76
-928.70;142.31;-928.79;141.47
-933.41;143.03;-933.50;142.19
-938.14;143.76;-938.24;142.91
-942.90;144.49;-943.00;143.64
-947.69;145.22;-947.78;144.37
-952.49;145.96;-952.59;145.10
-957.33;146.70;-957.43;145.83
-962.19;147.44;-962.28;146.57
-967.07;148.19;-967.17;147.32
-971.98;148.94;-972.08;148.07
-976.91;149.70;-977.01;148.82
-981.87;150.46;-981.97;149.57
-986.86;151.22;-986.95;150.33
-991.87;151.99;-991.96;151.09
-996.90;152.76;-997.00;151.86
-1001.96;153.54;-1002.06;152.63
-1007.05;154.32;-1007.14;153.41
-1012.16;155.10;-1012.26;154.19
-1017.30;155.89;-1017.39;154.97
-1022.46;156.68;-1022.55;155.75
-1027.65;157.47;-1027.74;156.54
-1032.86;158.27;-1032.96;157.34
-1038.10;159.07;-1038.20;158.14
-1043.37;159.88;-1043.46;158.94
-1048.66;160.69;-1048.75;159.74
-1053.97;161.51;-1054.07;160.55
-1059.32;162.32;-1059.42;161.37
-1064.69;163.15;-1064.79;162.19
-1070.08;163.97;-1070.18;163.01
-1075.51;164.81;-1075.60;163.83
-1080.96;165.64;-1081.05;164.66
-1086.43;166.48;-1086.53;165.50
-1091.93;167.32;-1092.03;166.34
-1097.46;168.17;-1097.56;167.18
-1103.02;169.02;-1103.11;168.02
-1108.60;169.88;-1108.69;168.88
-1114.21;170.74;-1114.30;169.73
-1119.84;171.60;-1119.94;170.59
-1125.50;172.47;-1125.60;171.45
-1131.19;173.34;-1131.29;172.32
-1136.91;174.21;-1137.00;173.19
-1142.65;175.09;-1142.75;174.06
-1148.42;175.98;-1148.52;174.94
-1154.22;176.87;-1154.31;175.82
-1160.04;177.76;-1160.14;176.71
-1165.90;178.66;-1165.99;177.60
-1171.77;179.56;-1171.87;178.50
-1177.68;180.46;-1177.78;179.40
-1183.62;181.37;-1183.71;180.30
-1189.58;182.29;-1189.67;181.21
-1195.57;183.20;-1195.66;182.12
-1201.58;184.13;-1201.68;183.04
-1207.63;185.05;-1207.72;183.96
-1213.70;185.98;-1213.80;184.88
-1219.80;186.92;-1219.90;185.81
-1225.93;187.86;-1226.03;186.75
-1232.09;188.80;-1232.18;187.68
-1238.27;189.75;-1238.37;188.63
-1244.48;190.70;-1244.58;189.57
-1250.73;191.66;-1250.82;190.52
-1256.99;192.62;-1257.09;191.48
-1263.29;193.58;-1263.39;192.44
-1269.62;194.55;-1269.71;193.40
-1275.97;195.52;-1276.07;194.37
-1282.36;196.50;-1282.45;195.34
-1288.77;197.48;-1288.86;196.32
-1295.21;198.47;-1295.30;197.30
-1301.68;199.46;-1301.77;198.28
-1308.18;200.46;-1308.27;199.27
-1314.70;201.46;-1314.80;200.27
-1321.26;202.46;-1321.35;201.27
-1327.84;203.47;-1327.94;202.27
-1334.46;204.49;-1334.55;203.28
-1341.10;205.50;-1341.19;204.29
-1347.77;206.53;-1347.87;205.31
-1354.47;207.55;-1354.57;206.33
-1361.20;208.58;-1361.30;207.35
-1367.96;209.62;-1368.06;208.38
-1374.75;210.66;-1374.85;209.42
-1381.57;211.71;-1381.67;210.45
-1388.42;212.75;-1388.51;211.50
-1395.30;213.81;-1395.39;212.54
-1402.20;214.87;-1402.30;213.60
-1409.14;215.93;-1409.24;214.65
-1416.11;217.00;-1416.20;215.71
-1423.11;218.07;-1423.20;216.78
-1430.13;219.15;-1430.23;217.85
-1437.19;220.23;-1437.29;218.93
-1444.28;221.31;-1444.37;220.01
-1451.40;222.40;-1451.49;221.09
-1458.54;223.50;-1458.64;222.18
-1465.72;224.60;-1465.81;223.27
-1472.93;225.70;-1473.02;224.37
-1480.17;226.81;-1480.26;225.47
-1487.44;227.93;-1487.53;226.58
-1494.74;229.05;-1494.83;227.69
-1502.07;230.17;-1502.16;228.81
-1509.43;231.30;-1509.52;229.93
-1516.82;232.43;-1516.91;231.05
-1524.24;233.57;-1524.33;232.18
-1531.69;234.71;-1531.79;233.32
-1539.16;233.46;-1539.26;232.07
-1546.64;229.82;-1546.74;228.42
-1554.14;223.76;-1554.24;222.35
-1561.66;215.26;-1561.75;213.85
-1569.19;204.33;-1569.28;202.90
-1576.73;190.93;-1576.82;189.50
-1584.29;175.06;-1584.38;173.62
-1591.86;156.70;-1591.96;155.25
-1599.45;135.83;-1599.54;134.38
-1607.06;112.45;-1607.15;110.99
-1614.67;86.53;-1614.77;85.07
-1622.31;58.07;-1622.40;56.60
-1629.96;27.04;-1630.05;25.56
-1637.62;-6.57;-1637.72;-8.05
-1645.30;-42.77;-1645.40;-44.26
-1653.00;-81.57;-1653.09;-83.07
